<?xml version="1.0" encoding="UTF-8" standalone="no" ?>
<SimMechanicsImportXML version="1.0" xmlns="urn:mathworks:simmechanics:import" xmlns:xsi="http://www.w3.org/2001/XMLSchema-instance">
<Created by="" on="04/05/15||10:13:32" using="SimMechanics Link Version 4.2" from="SolidWorks 21.2.0"/>
<ModelUnits mass="kilogram" length="meter"/>
<DataUnits mass="kilogram" length="meter"/>
<RootAssembly name="stewart_platform" uid="stewart_platform" version="1285">
<AssemblyFile name="stewart_platform.SLDASM" type="SolidWorks Assembly"/>
<InstanceTree>
<Instance name="ActuatorAssm2-2" uid="ActuatorAssm2-2" entityUid="ActuatorAssm2">
<Transform>
<Rotation>0.350887 0.393965 0.849512 -0.936413 0.14453 0.319754 0.00319202 -0.907691 0.419628</Rotation>
<Translation>0.00839985 0.155119 -0.0729875</Translation>
</Transform>
<Instance name="DrivenAssm-1" uid="DrivenAssm-1" entityUid="DrivenAssm" rigid="true">
<Transform>
<Rotation>0 0 -1 1 0 0 0 -1 0</Rotation>
<Translation>0.0470514 0 0.0267</Translation>
</Transform>
<VisualProperties>
<Ambient r="1" g="0.501961" b="0.501961" a="1"/>
<Diffuse r="1" g="0.501961" b="0.501961" a="1"/>
<Specular r="1" g="0.501961" b="0.501961" a="1"/>
<Emissive r="0" g="0" b="0" a="1"/>
<Shininess>0.3125</Shininess>
</VisualProperties>
<Instance name="CeramicStrip5010-2" uid="CeramicStrip5010-2" entityUid="CeramicStrip5010*:*Default">
<Transform>
<Rotation>0 -1 0 1 0 0 0 0 1</Rotation>
<Translation>0.00511132 0.0217403 0</Translation>
</Transform>
</Instance>
<Instance name="CenterBlock-1" uid="CenterBlock-1" grounded="true" entityUid="CenterBlock*:*Default">
<Transform>
<Rotation>1 0 0 0 1 0 0 0 1</Rotation>
<Translation>0 0 0</Translation>
</Transform>
</Instance>
<Instance name="AI_F100128-1" uid="AI_F100128-1" entityUid="AI_F100128*:*Default">
<Transform>
<Rotation>0.999887 -0.0150253 -2.82543e-015 0.0150253 0.999887 -2.50906e-015 2.8276e-015 2.47437e-015 1</Rotation>
<Translation>0.00513433 -0.00252845 0.0437</Translation>
</Transform>
</Instance>
<Instance name="Yoke-1" uid="Yoke-1" entityUid="Yoke*:*Default">
<Transform>
<Rotation>0 1 2.92951e-015 1 0 0 0 2.84148e-015 -1</Rotation>
<Translation>0 0.007 0.08175</Translation>
</Transform>
</Instance>
<Instance name="CeramicStrip5010-1" uid="CeramicStrip5010-1" entityUid="CeramicStrip5010*:*Default">
<Transform>
<Rotation>0 -1 0 1 0 0 0 0 1</Rotation>
<Translation>0.0136113 0.0217403 0</Translation>
</Transform>
</Instance>
<Instance name="SV2075-1" uid="SV2075-1" entityUid="SV2075*:*Default">
<Transform>
<Rotation>1 0 0 0 -1 0 0 0 -1</Rotation>
<Translation>0.0108 0.007 0.0375</Translation>
</Transform>
</Instance>
<Instance name="Recessed_Pan_Head_Screw_M2x8_48_Z-8" uid="Recessed_Pan_Head_Screw_M2x8_48_Z-8" entityUid="Recessed_Pan_Head_Screw_M2x8_48_Z*:*Default">
<Transform>
<Rotation>0 0.983085 0.183151 -1 0 0 0 -0.183151 0.983085</Rotation>
<Translation>-0.0073 0.008 -0.015</Translation>
</Transform>
</Instance>
<Instance name="Recessed_Pan_Head_Screw_M2x8_48_Z-10" uid="Recessed_Pan_Head_Screw_M2x8_48_Z-10" entityUid="Recessed_Pan_Head_Screw_M2x8_48_Z*:*Default">
<Transform>
<Rotation>0 0.991061 0.133407 -1 0 0 0 -0.133407 0.991061</Rotation>
<Translation>0.0073 0.008 -0.015</Translation>
</Transform>
</Instance>
<Instance name="Recessed_Pan_Head_Screw_M2x8_48_Z-6" uid="Recessed_Pan_Head_Screw_M2x8_48_Z-6" entityUid="Recessed_Pan_Head_Screw_M2x8_48_Z*:*Default">
<Transform>
<Rotation>0 0.983085 0.183151 -1 0 0 0 -0.183151 0.983085</Rotation>
<Translation>-0.0073 0.008 0</Translation>
</Transform>
</Instance>
<Instance name="Recessed_Pan_Head_Screw_M2x8_48_Z-1" uid="Recessed_Pan_Head_Screw_M2x8_48_Z-1" entityUid="Recessed_Pan_Head_Screw_M2x8_48_Z*:*Default">
<Transform>
<Rotation>0 0.996386 0.0849431 -1 0 0 0 -0.0849431 0.996386</Rotation>
<Translation>-0.0073 0.008 0.03</Translation>
</Transform>
</Instance>
<Instance name="Recessed_Pan_Head_Screw_M2x8_48_Z-3" uid="Recessed_Pan_Head_Screw_M2x8_48_Z-3" entityUid="Recessed_Pan_Head_Screw_M2x8_48_Z*:*Default">
<Transform>
<Rotation>0 0.853269 -0.52147 -1 0 0 0 0.52147 0.853269</Rotation>
<Translation>0.0073 0.008 0.015</Translation>
</Transform>
</Instance>
<Instance name="SV2075-2" uid="SV2075-2" entityUid="SV2075*:*Default">
<Transform>
<Rotation>-1 0 0 0 -1 0 0 0 1</Rotation>
<Translation>-0.0108 0.007 -0.0375</Translation>
</Transform>
</Instance>
<Instance name="Recessed_Pan_Head_Screw_M2x8_48_Z-4" uid="Recessed_Pan_Head_Screw_M2x8_48_Z-4" entityUid="Recessed_Pan_Head_Screw_M2x8_48_Z*:*Default">
<Transform>
<Rotation>0 0.983085 0.183151 -1 0 0 0 -0.183151 0.983085</Rotation>
<Translation>0.0073 0.008 0</Translation>
</Transform>
</Instance>
<Instance name="Recessed_Pan_Head_Screw_M2x8_48_Z-2" uid="Recessed_Pan_Head_Screw_M2x8_48_Z-2" entityUid="Recessed_Pan_Head_Screw_M2x8_48_Z*:*Default">
<Transform>
<Rotation>0 0.985783 0.168026 -1 0 0 0 -0.168026 0.985783</Rotation>
<Translation>-0.0073 0.008 0.015</Translation>
</Transform>
</Instance>
<Instance name="Recessed_Pan_Head_Screw_M2x8_48_Z-9" uid="Recessed_Pan_Head_Screw_M2x8_48_Z-9" entityUid="Recessed_Pan_Head_Screw_M2x8_48_Z*:*Default">
<Transform>
<Rotation>0 0.983085 0.183151 -1 0 0 0 -0.183151 0.983085</Rotation>
<Translation>-0.0073 0.008 -0.03</Translation>
</Transform>
</Instance>
<Instance name="Recessed_Pan_Head_Screw_M2x8_48_Z-5" uid="Recessed_Pan_Head_Screw_M2x8_48_Z-5" entityUid="Recessed_Pan_Head_Screw_M2x8_48_Z*:*Default">
<Transform>
<Rotation>0 0.983085 0.183151 -1 0 0 0 -0.183151 0.983085</Rotation>
<Translation>0.0073 0.008 -0.03</Translation>
</Transform>
</Instance>
<Instance name="Recessed_Pan_Head_Screw_M2x8_48_Z-7" uid="Recessed_Pan_Head_Screw_M2x8_48_Z-7" entityUid="Recessed_Pan_Head_Screw_M2x8_48_Z*:*Default">
<Transform>
<Rotation>0 0.983085 0.183151 -1 0 0 0 -0.183151 0.983085</Rotation>
<Translation>0.0073 0.008 0.03</Translation>
</Transform>
</Instance>
<Instance name="pin2-1" uid="pin2-1" entityUid="pin2*:*Default">
<Transform>
<Rotation>-6.43843e-015 0 -1 6.45187e-015 1 0 1 -6.39007e-015 -6.39462e-015</Rotation>
<Translation>0 0.007 -0.0375</Translation>
</Transform>
</Instance>
<Instance name="GratingStrip5010-1" uid="GratingStrip5010-1" entityUid="GratingStrip5010*:*Default">
<Transform>
<Rotation>1 0 0 0 1 0 0 0 1</Rotation>
<Translation>0.00847549 0.0107723 -0.0225</Translation>
</Transform>
</Instance>
</Instance>
<Instance name="CarrierAssm-1" uid="CarrierAssm-1" grounded="true" entityUid="CarrierAssm" rigid="true">
<Transform>
<Rotation>1 0 0 0 1 0 0 0 1</Rotation>
<Translation>0 0 0</Translation>
</Transform>
<VisualProperties>
<Ambient r="0" g="0.501961" b="0.752941" a="1"/>
<Diffuse r="0" g="0.501961" b="0.752941" a="1"/>
<Specular r="0" g="0.501961" b="0.752941" a="1"/>
<Emissive r="0" g="0" b="0" a="1"/>
<Shininess>0.3125</Shininess>
</VisualProperties>
<Instance name="Recessed_Pan_Head_Screw_M2x8_48_Z-1" uid="Recessed_Pan_Head_Screw_M2x8_48_Z-1" entityUid="Recessed_Pan_Head_Screw_M2x8_48_Z*:*Default">
<Transform>
<Rotation>0 0.416667 -0.909059 0 -0.909059 -0.416667 -1 0 0</Rotation>
<Translation>0.0075 0.014305 0.0207</Translation>
</Transform>
</Instance>
<Instance name="Recessed_Pan_Head_Screw_M2x8_48_Z-10" uid="Recessed_Pan_Head_Screw_M2x8_48_Z-10" entityUid="Recessed_Pan_Head_Screw_M2x8_48_Z*:*Default">
<Transform>
<Rotation>0 0 1 0 1 0 -1 0 0</Rotation>
<Translation>0.0675 -0.014305 0.0207</Translation>
</Transform>
</Instance>
<Instance name="Recessed_Pan_Head_Screw_M2x8_48_Z-6" uid="Recessed_Pan_Head_Screw_M2x8_48_Z-6" entityUid="Recessed_Pan_Head_Screw_M2x8_48_Z*:*Default">
<Transform>
<Rotation>0 -0.0330818 0.999453 0 0.999453 0.0330818 -1 0 0</Rotation>
<Translation>0.0075 -0.014305 0.0207</Translation>
</Transform>
</Instance>
<Instance name="Hexagon_Socket_Set_Screw_M3x3-3" uid="Hexagon_Socket_Set_Screw_M3x3-3" entityUid="Hexagon_Socket_Set_Screw_M3x3*:*Default">
<Transform>
<Rotation>1.97121e-014 1 -1.97847e-014 -1 1.97633e-014 1.9762e-014 1.9762e-014 1.97479e-014 1</Rotation>
<Translation>0.07 -0.0195 0.0197</Translation>
</Transform>
</Instance>
<Instance name="Yoke-1" uid="Yoke-1" entityUid="Yoke*:*Default">
<Transform>
<Rotation>0 0 -1 0 -1 0 -1 0 0</Rotation>
<Translation>0.14744 0 0.0197</Translation>
</Transform>
<VisualProperties>
<Ambient r="0.752941" g="0.752941" b="0.752941" a="1"/>
<Diffuse r="0.752941" g="0.752941" b="0.752941" a="1"/>
<Specular r="0.752941" g="0.752941" b="0.752941" a="1"/>
<Emissive r="0" g="0" b="0" a="1"/>
<Shininess>0.3125</Shininess>
</VisualProperties>
</Instance>
<Instance name="Recessed_Pan_Head_Screw_M2x8_48_Z-3" uid="Recessed_Pan_Head_Screw_M2x8_48_Z-3" entityUid="Recessed_Pan_Head_Screw_M2x8_48_Z*:*Default">
<Transform>
<Rotation>0 0 1 0 1 0 -1 0 0</Rotation>
<Translation>0.0375 0.014305 0.0207</Translation>
</Transform>
</Instance>
<Instance name="Hexagon_Socket_Set_Screw_M3x3-5" uid="Hexagon_Socket_Set_Screw_M3x3-5" entityUid="Hexagon_Socket_Set_Screw_M3x3*:*Default">
<Transform>
<Rotation>0 0.837169 -0.546944 -1 0 0 0 0.546944 0.837169</Rotation>
<Translation>0.11819 -0.006 0.0197</Translation>
</Transform>
</Instance>
<Instance name="Recessed_Pan_Head_Screw_M2x8_48_Z-2" uid="Recessed_Pan_Head_Screw_M2x8_48_Z-2" entityUid="Recessed_Pan_Head_Screw_M2x8_48_Z*:*Default">
<Transform>
<Rotation>0 0 1 0 1 0 -1 0 0</Rotation>
<Translation>0.0225 0.014305 0.0207</Translation>
</Transform>
</Instance>
<Instance name="Recessed_Pan_Head_Screw_M2x8_48_Z-9" uid="Recessed_Pan_Head_Screw_M2x8_48_Z-9" entityUid="Recessed_Pan_Head_Screw_M2x8_48_Z*:*Default">
<Transform>
<Rotation>0 -0.883072 0.469237 0 0.469237 0.883072 -1 0 0</Rotation>
<Translation>0.0525 -0.014305 0.0207</Translation>
</Transform>
</Instance>
<Instance name="Hexagon_Socket_Set_Screw_M3x3-1" uid="Hexagon_Socket_Set_Screw_M3x3-1" entityUid="Hexagon_Socket_Set_Screw_M3x3*:*Default">
<Transform>
<Rotation>1.97121e-014 0.837169 -0.546944 -1 2.73111e-014 5.76269e-015 1.9762e-014 0.546944 0.837169</Rotation>
<Translation>0.005 -0.0195 0.0197</Translation>
</Transform>
</Instance>
<Instance name="Cylinder_Head_Cap_Screw_M3x8-1" uid="Cylinder_Head_Cap_Screw_M3x8-1" entityUid="Cylinder_Head_Cap_Screw_M3x8*:*Default">
<Transform>
<Rotation>1.67097e-015 1 7.02997e-016 -1 1.74643e-015 -7.21645e-016 -6.66134e-016 -7.50051e-016 1</Rotation>
<Translation>0.03295 0.01076 -0.00035</Translation>
</Transform>
</Instance>
<Instance name="Cylinder_Head_Cap_Screw_M3x8-2" uid="Cylinder_Head_Cap_Screw_M3x8-2" entityUid="Cylinder_Head_Cap_Screw_M3x8*:*Default">
<Transform>
<Rotation>1.67097e-015 1 7.02997e-016 -1 1.74643e-015 -7.21645e-016 -6.66134e-016 -7.50051e-016 1</Rotation>
<Translation>0.05895 0.01076 -0.00035</Translation>
</Transform>
</Instance>
<Instance name="Hexagon_Socket_Set_Screw_M3x3-2" uid="Hexagon_Socket_Set_Screw_M3x3-2" entityUid="Hexagon_Socket_Set_Screw_M3x3*:*Default">
<Transform>
<Rotation>1.97121e-014 1 -1.97847e-014 -1 1.97633e-014 1.9762e-014 1.9762e-014 1.97479e-014 1</Rotation>
<Translation>0.0375 -0.0195 0.0197</Translation>
</Transform>
</Instance>
<Instance name="Recessed_Pan_Head_Screw_M2x8_48_Z-4" uid="Recessed_Pan_Head_Screw_M2x8_48_Z-4" entityUid="Recessed_Pan_Head_Screw_M2x8_48_Z*:*Default">
<Transform>
<Rotation>0 0 1 0 1 0 -1 0 0</Rotation>
<Translation>0.0525 0.014305 0.0207</Translation>
</Transform>
</Instance>
<Instance name="Hexagon_Socket_Set_Screw_M3x3-4" uid="Hexagon_Socket_Set_Screw_M3x3-4" entityUid="Hexagon_Socket_Set_Screw_M3x3*:*Default">
<Transform>
<Rotation>0 0.133937 0.99099 1 0 0 0 0.99099 -0.133937</Rotation>
<Translation>0.11819 0.006 0.0197</Translation>
</Transform>
</Instance>
<Instance name="Recessed_Pan_Head_Screw_M2x8_48_Z-7" uid="Recessed_Pan_Head_Screw_M2x8_48_Z-7" entityUid="Recessed_Pan_Head_Screw_M2x8_48_Z*:*Default">
<Transform>
<Rotation>0 -0.0663994 0.997793 0 0.997793 0.0663994 -1 0 0</Rotation>
<Translation>0.0225 -0.014305 0.0207</Translation>
</Transform>
</Instance>
<Instance name="Recessed_Pan_Head_Screw_M2x8_48_Z-5" uid="Recessed_Pan_Head_Screw_M2x8_48_Z-5" entityUid="Recessed_Pan_Head_Screw_M2x8_48_Z*:*Default">
<Transform>
<Rotation>0 0 1 0 1 0 -1 0 0</Rotation>
<Translation>0.0675 0.014305 0.0207</Translation>
</Transform>
</Instance>
<Instance name="Recessed_Pan_Head_Screw_M2x8_48_Z-8" uid="Recessed_Pan_Head_Screw_M2x8_48_Z-8" entityUid="Recessed_Pan_Head_Screw_M2x8_48_Z*:*Default">
<Transform>
<Rotation>0 -0.987853 -0.155394 0 -0.155394 0.987853 -1 0 0</Rotation>
<Translation>0.0375 -0.014305 0.0207</Translation>
</Transform>
</Instance>
<Instance name="Hexagon_Socket_Button_Head_Screw_M3x6-4" uid="Hexagon_Socket_Button_Head_Screw_M3x6-4" entityUid="Hexagon_Socket_Button_Head_Screw_M3x6*:*Default">
<Transform>
<Rotation>0 -0.646089 -0.763262 0 0.763262 -0.646089 1 0 0</Rotation>
<Translation>0.0266446 -0.039497 -0.000240682</Translation>
</Transform>
</Instance>
<Instance name="Hexagon_Socket_Button_Head_Screw_M3x6-5" uid="Hexagon_Socket_Button_Head_Screw_M3x6-5" entityUid="Hexagon_Socket_Button_Head_Screw_M3x6*:*Default">
<Transform>
<Rotation>0 -0.210249 -0.977648 0 0.977648 -0.210249 1 0 0</Rotation>
<Translation>0.048133 0.039497 0</Translation>
</Transform>
</Instance>
<Instance name="Hexagon_Socket_Button_Head_Screw_M3x6-6" uid="Hexagon_Socket_Button_Head_Screw_M3x6-6" entityUid="Hexagon_Socket_Button_Head_Screw_M3x6*:*Default">
<Transform>
<Rotation>0 -0.274469 -0.961596 0 0.961596 -0.274469 1 0 0</Rotation>
<Translation>0.048133 0.0145034 0</Translation>
</Transform>
</Instance>
<Instance name="HR_1_Motor-1" uid="HR_1_Motor-1" entityUid="HR_1_Motor*:*Default">
<Transform>
<Rotation>-1 0 0 -5.408e-016 -1 0 0 0 1</Rotation>
<Translation>0.050133 0.045497 0.0037084</Translation>
</Transform>
</Instance>
<Instance name="RGH25-1" uid="RGH25-1" entityUid="RGH25*:*Default">
<Transform>
<Rotation>-9.7795e-016 0 -1 1 0 -1.04604e-015 0 -1 0</Rotation>
<Translation>0.06495 1e-005 -0.0026</Translation>
</Transform>
</Instance>
<Instance name="Hexagon_Socket_Button_Head_Screw_M3x6-3" uid="Hexagon_Socket_Button_Head_Screw_M3x6-3" entityUid="Hexagon_Socket_Button_Head_Screw_M3x6*:*Default">
<Transform>
<Rotation>0 -0.755454 -0.655202 0 0.655202 -0.755454 1 0 0</Rotation>
<Translation>0.0266446 -0.0145034 0</Translation>
</Transform>
</Instance>
<Instance name="Hexagon_Socket_Button_Head_Screw_M3x6-2" uid="Hexagon_Socket_Button_Head_Screw_M3x6-2" entityUid="Hexagon_Socket_Button_Head_Screw_M3x6*:*Default">
<Transform>
<Rotation>0 -0.474805 0.880091 0 -0.880091 -0.474805 1 0 0</Rotation>
<Translation>0.0266446 0.0145034 0</Translation>
</Transform>
</Instance>
<Instance name="Carrier_Block-1" uid="Carrier_Block-1" grounded="true" entityUid="Carrier_Block*:*Default">
<Transform>
<Rotation>1 0 0 0 1 0 0 0 1</Rotation>
<Translation>0 0 0</Translation>
</Transform>
</Instance>
<Instance name="Hexagon_Socket_Button_Head_Screw_M3x6-1" uid="Hexagon_Socket_Button_Head_Screw_M3x6-1" entityUid="Hexagon_Socket_Button_Head_Screw_M3x6*:*Default">
<Transform>
<Rotation>0 1.29801e-015 -1 0 1 1.25898e-015 1 0 0</Rotation>
<Translation>0.0266446 0.039497 0</Translation>
</Transform>
</Instance>
<Instance name="SV2075-2" uid="SV2075-2" entityUid="SV2075*:*Default">
<Transform>
<Rotation>0 0 -1 1 0 0 0 -1 0</Rotation>
<Translation>0.075 -0.010805 0.0197</Translation>
</Transform>
</Instance>
<Instance name="Hexagon_Socket_Button_Head_Screw_M3x6-8" uid="Hexagon_Socket_Button_Head_Screw_M3x6-8" entityUid="Hexagon_Socket_Button_Head_Screw_M3x6*:*Default">
<Transform>
<Rotation>0 -0.365648 -0.930753 0 0.930753 -0.365648 1 0 0</Rotation>
<Translation>0.048133 -0.039497 0</Translation>
</Transform>
</Instance>
<Instance name="SV2075-1" uid="SV2075-1" entityUid="SV2075*:*Default">
<Transform>
<Rotation>0 0 1 -1 0 0 0 -1 0</Rotation>
<Translation>0 0.010805 0.0197</Translation>
</Transform>
</Instance>
<Instance name="ShaftStop-1" uid="ShaftStop-1" entityUid="ShaftStop*:*Default">
<Transform>
<Rotation>0 0 1 -1 0 0 0 -1 0</Rotation>
<Translation>0.09999 0.000278293 0.0235961</Translation>
</Transform>
</Instance>
<Instance name="Hexagon_Socket_Head_Cap_Screw_M3x5-1" uid="Hexagon_Socket_Head_Cap_Screw_M3x5-1" entityUid="Hexagon_Socket_Head_Cap_Screw_M3x5*:*Default">
<Transform>
<Rotation>0 0.292448 -0.956281 0 0.956281 0.292448 1 0 0</Rotation>
<Translation>0.0402 0.01526 -0.0015</Translation>
</Transform>
</Instance>
<Instance name="RenishawMount-1" uid="RenishawMount-1" entityUid="RenishawMount*:*Default">
<Transform>
<Rotation>0 0 -1 1 0 -5.05672e-016 0 -1 0</Rotation>
<Translation>0.06195 0.016967 0.0105481</Translation>
</Transform>
</Instance>
<Instance name="Hexagon_Socket_Button_Head_Screw_M3x6-7" uid="Hexagon_Socket_Button_Head_Screw_M3x6-7" entityUid="Hexagon_Socket_Button_Head_Screw_M3x6*:*Default">
<Transform>
<Rotation>0 -0.118182 -0.992992 0 0.992992 -0.118182 1 0 0</Rotation>
<Translation>0.048133 -0.0145034 0</Translation>
</Transform>
</Instance>
<Instance name="HR_1_Motor-2" uid="HR_1_Motor-2" entityUid="HR_1_Motor*:*Default">
<Transform>
<Rotation>-1 5.76362e-016 0 5.12611e-016 1 0 0 0 -1</Rotation>
<Translation>0.050133 -0.045497 0.0117084</Translation>
</Transform>
</Instance>
<Instance name="Hexagon_Socket_Head_Cap_Screw_M3x5-2" uid="Hexagon_Socket_Head_Cap_Screw_M3x5-2" entityUid="Hexagon_Socket_Head_Cap_Screw_M3x5*:*Default">
<Transform>
<Rotation>0 0.272916 -0.962038 0 0.962038 0.272916 1 0 0</Rotation>
<Translation>0.0402 0.02326 -0.0015</Translation>
</Transform>
</Instance>
</Instance>
<Instance name="Spider-1" uid="Spider-1" entityUid="Spider*:*Default">
<Transform>
<Rotation>0 -0.0135793 0.999908 1.33227e-015 0.999908 0.0135793 -1 1.27676e-015 0</Rotation>
<Translation>-0.0326986 0 0.0197</Translation>
</Transform>
</Instance>
<Instance name="Spider-2" uid="Spider-2" entityUid="Spider*:*Default">
<Transform>
<Rotation>3.08911e-015 -0.0453129 0.998973 0 -0.998973 -0.0453129 1 0 -3.13291e-015</Rotation>
<Translation>0.14544 0 0.0197</Translation>
</Transform>
</Instance>
</Instance>
<Instance name="ActuatorAssm6-2" uid="ActuatorAssm6-2" entityUid="ActuatorAssm6">
<Transform>
<Rotation>-0.178208 0.5891 -0.788164 -0.936413 0.14453 0.319754 0.302281 0.795029 0.525885</Rotation>
<Translation>0.0590091 0.155119 0.0437682</Translation>
</Transform>
<Instance name="DrivenAssm-1" uid="DrivenAssm-1" entityUid="DrivenAssm" rigid="true">
<Transform>
<Rotation>0 0 -1 1 0 0 0 -1 0</Rotation>
<Translation>0.0470514 0 0.0267</Translation>
</Transform>
<VisualProperties>
<Ambient r="1" g="0.501961" b="0.501961" a="1"/>
<Diffuse r="1" g="0.501961" b="0.501961" a="1"/>
<Specular r="1" g="0.501961" b="0.501961" a="1"/>
<Emissive r="0" g="0" b="0" a="1"/>
<Shininess>0.3125</Shininess>
</VisualProperties>
<Instance name="CeramicStrip5010-2" uid="CeramicStrip5010-2" entityUid="CeramicStrip5010*:*Default">
<Transform>
<Rotation>0 -1 0 1 0 0 0 0 1</Rotation>
<Translation>0.00511132 0.0217403 0</Translation>
</Transform>
</Instance>
<Instance name="CenterBlock-1" uid="CenterBlock-1" grounded="true" entityUid="CenterBlock*:*Default">
<Transform>
<Rotation>1 0 0 0 1 0 0 0 1</Rotation>
<Translation>0 0 0</Translation>
</Transform>
</Instance>
<Instance name="AI_F100128-1" uid="AI_F100128-1" entityUid="AI_F100128*:*Default">
<Transform>
<Rotation>0.999887 -0.0150253 -2.73604e-015 0.0150253 0.999887 -2.65043e-015 2.77556e-015 2.60902e-015 1</Rotation>
<Translation>0.00513433 -0.00252845 0.0437</Translation>
</Transform>
</Instance>
<Instance name="Yoke-1" uid="Yoke-1" entityUid="Yoke*:*Default">
<Transform>
<Rotation>0 1 2.80331e-015 1 0 0 0 2.80331e-015 -1</Rotation>
<Translation>0 0.007 0.08175</Translation>
</Transform>
</Instance>
<Instance name="CeramicStrip5010-1" uid="CeramicStrip5010-1" entityUid="CeramicStrip5010*:*Default">
<Transform>
<Rotation>0 -1 0 1 0 0 0 0 1</Rotation>
<Translation>0.0136113 0.0217403 0</Translation>
</Transform>
</Instance>
<Instance name="SV2075-1" uid="SV2075-1" entityUid="SV2075*:*Default">
<Transform>
<Rotation>1 0 0 0 -1 0 0 0 -1</Rotation>
<Translation>0.0108 0.007 0.0375</Translation>
</Transform>
</Instance>
<Instance name="Recessed_Pan_Head_Screw_M2x8_48_Z-8" uid="Recessed_Pan_Head_Screw_M2x8_48_Z-8" entityUid="Recessed_Pan_Head_Screw_M2x8_48_Z*:*Default">
<Transform>
<Rotation>0 0.983085 0.183151 -1 0 0 0 -0.183151 0.983085</Rotation>
<Translation>-0.0073 0.008 -0.015</Translation>
</Transform>
</Instance>
<Instance name="Recessed_Pan_Head_Screw_M2x8_48_Z-10" uid="Recessed_Pan_Head_Screw_M2x8_48_Z-10" entityUid="Recessed_Pan_Head_Screw_M2x8_48_Z*:*Default">
<Transform>
<Rotation>0 0.991061 0.133407 -1 0 0 0 -0.133407 0.991061</Rotation>
<Translation>0.0073 0.008 -0.015</Translation>
</Transform>
</Instance>
<Instance name="Recessed_Pan_Head_Screw_M2x8_48_Z-6" uid="Recessed_Pan_Head_Screw_M2x8_48_Z-6" entityUid="Recessed_Pan_Head_Screw_M2x8_48_Z*:*Default">
<Transform>
<Rotation>0 0.983085 0.183151 -1 0 0 0 -0.183151 0.983085</Rotation>
<Translation>-0.0073 0.008 0</Translation>
</Transform>
</Instance>
<Instance name="Recessed_Pan_Head_Screw_M2x8_48_Z-1" uid="Recessed_Pan_Head_Screw_M2x8_48_Z-1" entityUid="Recessed_Pan_Head_Screw_M2x8_48_Z*:*Default">
<Transform>
<Rotation>0 0.996386 0.0849431 -1 0 0 0 -0.0849431 0.996386</Rotation>
<Translation>-0.0073 0.008 0.03</Translation>
</Transform>
</Instance>
<Instance name="Recessed_Pan_Head_Screw_M2x8_48_Z-3" uid="Recessed_Pan_Head_Screw_M2x8_48_Z-3" entityUid="Recessed_Pan_Head_Screw_M2x8_48_Z*:*Default">
<Transform>
<Rotation>0 0.853269 -0.52147 -1 0 0 0 0.52147 0.853269</Rotation>
<Translation>0.0073 0.008 0.015</Translation>
</Transform>
</Instance>
<Instance name="SV2075-2" uid="SV2075-2" entityUid="SV2075*:*Default">
<Transform>
<Rotation>-1 0 0 0 -1 0 0 0 1</Rotation>
<Translation>-0.0108 0.007 -0.0375</Translation>
</Transform>
</Instance>
<Instance name="Recessed_Pan_Head_Screw_M2x8_48_Z-4" uid="Recessed_Pan_Head_Screw_M2x8_48_Z-4" entityUid="Recessed_Pan_Head_Screw_M2x8_48_Z*:*Default">
<Transform>
<Rotation>0 0.983085 0.183151 -1 0 0 0 -0.183151 0.983085</Rotation>
<Translation>0.0073 0.008 0</Translation>
</Transform>
</Instance>
<Instance name="Recessed_Pan_Head_Screw_M2x8_48_Z-2" uid="Recessed_Pan_Head_Screw_M2x8_48_Z-2" entityUid="Recessed_Pan_Head_Screw_M2x8_48_Z*:*Default">
<Transform>
<Rotation>0 0.985783 0.168026 -1 0 0 0 -0.168026 0.985783</Rotation>
<Translation>-0.0073 0.008 0.015</Translation>
</Transform>
</Instance>
<Instance name="Recessed_Pan_Head_Screw_M2x8_48_Z-9" uid="Recessed_Pan_Head_Screw_M2x8_48_Z-9" entityUid="Recessed_Pan_Head_Screw_M2x8_48_Z*:*Default">
<Transform>
<Rotation>0 0.983085 0.183151 -1 0 0 0 -0.183151 0.983085</Rotation>
<Translation>-0.0073 0.008 -0.03</Translation>
</Transform>
</Instance>
<Instance name="Recessed_Pan_Head_Screw_M2x8_48_Z-5" uid="Recessed_Pan_Head_Screw_M2x8_48_Z-5" entityUid="Recessed_Pan_Head_Screw_M2x8_48_Z*:*Default">
<Transform>
<Rotation>0 0.983085 0.183151 -1 0 0 0 -0.183151 0.983085</Rotation>
<Translation>0.0073 0.008 -0.03</Translation>
</Transform>
</Instance>
<Instance name="Recessed_Pan_Head_Screw_M2x8_48_Z-7" uid="Recessed_Pan_Head_Screw_M2x8_48_Z-7" entityUid="Recessed_Pan_Head_Screw_M2x8_48_Z*:*Default">
<Transform>
<Rotation>0 0.983085 0.183151 -1 0 0 0 -0.183151 0.983085</Rotation>
<Translation>0.0073 0.008 0.03</Translation>
</Transform>
</Instance>
<Instance name="pin2-1" uid="pin2-1" entityUid="pin2*:*Default">
<Transform>
<Rotation>-6.43929e-015 0 -1 6.52256e-015 1 0 1 -6.52256e-015 -6.43929e-015</Rotation>
<Translation>0 0.007 -0.0375</Translation>
</Transform>
</Instance>
<Instance name="GratingStrip5010-1" uid="GratingStrip5010-1" entityUid="GratingStrip5010*:*Default">
<Transform>
<Rotation>1 0 0 0 1 0 0 0 1</Rotation>
<Translation>0.00847549 0.0107723 -0.0225</Translation>
</Transform>
</Instance>
</Instance>
<Instance name="CarrierAssm-1" uid="CarrierAssm-1" grounded="true" entityUid="CarrierAssm" rigid="true">
<Transform>
<Rotation>1 0 0 0 1 0 0 0 1</Rotation>
<Translation>0 0 0</Translation>
</Transform>
<VisualProperties>
<Ambient r="0" g="0.501961" b="0.752941" a="1"/>
<Diffuse r="0" g="0.501961" b="0.752941" a="1"/>
<Specular r="0" g="0.501961" b="0.752941" a="1"/>
<Emissive r="0" g="0" b="0" a="1"/>
<Shininess>0.3125</Shininess>
</VisualProperties>
<Instance name="Recessed_Pan_Head_Screw_M2x8_48_Z-1" uid="Recessed_Pan_Head_Screw_M2x8_48_Z-1" entityUid="Recessed_Pan_Head_Screw_M2x8_48_Z*:*Default">
<Transform>
<Rotation>0 0.416667 -0.909059 0 -0.909059 -0.416667 -1 0 0</Rotation>
<Translation>0.0075 0.014305 0.0207</Translation>
</Transform>
</Instance>
<Instance name="Recessed_Pan_Head_Screw_M2x8_48_Z-10" uid="Recessed_Pan_Head_Screw_M2x8_48_Z-10" entityUid="Recessed_Pan_Head_Screw_M2x8_48_Z*:*Default">
<Transform>
<Rotation>0 0 1 0 1 0 -1 0 0</Rotation>
<Translation>0.0675 -0.014305 0.0207</Translation>
</Transform>
</Instance>
<Instance name="Recessed_Pan_Head_Screw_M2x8_48_Z-6" uid="Recessed_Pan_Head_Screw_M2x8_48_Z-6" entityUid="Recessed_Pan_Head_Screw_M2x8_48_Z*:*Default">
<Transform>
<Rotation>0 -0.0330818 0.999453 0 0.999453 0.0330818 -1 0 0</Rotation>
<Translation>0.0075 -0.014305 0.0207</Translation>
</Transform>
</Instance>
<Instance name="Hexagon_Socket_Set_Screw_M3x3-3" uid="Hexagon_Socket_Set_Screw_M3x3-3" entityUid="Hexagon_Socket_Set_Screw_M3x3*:*Default">
<Transform>
<Rotation>1.97065e-014 1 -1.9873e-014 -1 1.97065e-014 1.98175e-014 1.98175e-014 1.9873e-014 1</Rotation>
<Translation>0.07 -0.0195 0.0197</Translation>
</Transform>
</Instance>
<Instance name="Yoke-1" uid="Yoke-1" entityUid="Yoke*:*Default">
<Transform>
<Rotation>0 0 -1 0 -1 0 -1 0 0</Rotation>
<Translation>0.14744 0 0.0197</Translation>
</Transform>
<VisualProperties>
<Ambient r="0.752941" g="0.752941" b="0.752941" a="1"/>
<Diffuse r="0.752941" g="0.752941" b="0.752941" a="1"/>
<Specular r="0.752941" g="0.752941" b="0.752941" a="1"/>
<Emissive r="0" g="0" b="0" a="1"/>
<Shininess>0.3125</Shininess>
</VisualProperties>
</Instance>
<Instance name="Recessed_Pan_Head_Screw_M2x8_48_Z-3" uid="Recessed_Pan_Head_Screw_M2x8_48_Z-3" entityUid="Recessed_Pan_Head_Screw_M2x8_48_Z*:*Default">
<Transform>
<Rotation>0 0 1 0 1 0 -1 0 0</Rotation>
<Translation>0.0375 0.014305 0.0207</Translation>
</Transform>
</Instance>
<Instance name="Hexagon_Socket_Set_Screw_M3x3-5" uid="Hexagon_Socket_Set_Screw_M3x3-5" entityUid="Hexagon_Socket_Set_Screw_M3x3*:*Default">
<Transform>
<Rotation>0 0.837169 -0.546944 -1 0 0 0 0.546944 0.837169</Rotation>
<Translation>0.11819 -0.006 0.0197</Translation>
</Transform>
</Instance>
<Instance name="Recessed_Pan_Head_Screw_M2x8_48_Z-2" uid="Recessed_Pan_Head_Screw_M2x8_48_Z-2" entityUid="Recessed_Pan_Head_Screw_M2x8_48_Z*:*Default">
<Transform>
<Rotation>0 0 1 0 1 0 -1 0 0</Rotation>
<Translation>0.0225 0.014305 0.0207</Translation>
</Transform>
</Instance>
<Instance name="Recessed_Pan_Head_Screw_M2x8_48_Z-9" uid="Recessed_Pan_Head_Screw_M2x8_48_Z-9" entityUid="Recessed_Pan_Head_Screw_M2x8_48_Z*:*Default">
<Transform>
<Rotation>0 -0.883072 0.469237 0 0.469237 0.883072 -1 0 0</Rotation>
<Translation>0.0525 -0.014305 0.0207</Translation>
</Transform>
</Instance>
<Instance name="Hexagon_Socket_Set_Screw_M3x3-1" uid="Hexagon_Socket_Set_Screw_M3x3-1" entityUid="Hexagon_Socket_Set_Screw_M3x3*:*Default">
<Transform>
<Rotation>1.97065e-014 0.837169 -0.546944 -1 2.73367e-014 5.81225e-015 1.98175e-014 0.546944 0.837169</Rotation>
<Translation>0.005 -0.0195 0.0197</Translation>
</Transform>
</Instance>
<Instance name="Cylinder_Head_Cap_Screw_M3x8-1" uid="Cylinder_Head_Cap_Screw_M3x8-1" entityUid="Cylinder_Head_Cap_Screw_M3x8*:*Default">
<Transform>
<Rotation>1.69309e-015 1 6.10623e-016 -1 1.69309e-015 -6.66134e-016 -6.66134e-016 -6.10623e-016 1</Rotation>
<Translation>0.03295 0.01076 -0.00035</Translation>
</Transform>
</Instance>
<Instance name="Cylinder_Head_Cap_Screw_M3x8-2" uid="Cylinder_Head_Cap_Screw_M3x8-2" entityUid="Cylinder_Head_Cap_Screw_M3x8*:*Default">
<Transform>
<Rotation>1.69309e-015 1 6.10623e-016 -1 1.69309e-015 -6.66134e-016 -6.66134e-016 -6.10623e-016 1</Rotation>
<Translation>0.05895 0.01076 -0.00035</Translation>
</Transform>
</Instance>
<Instance name="Hexagon_Socket_Set_Screw_M3x3-2" uid="Hexagon_Socket_Set_Screw_M3x3-2" entityUid="Hexagon_Socket_Set_Screw_M3x3*:*Default">
<Transform>
<Rotation>1.97065e-014 1 -1.9873e-014 -1 1.97065e-014 1.98175e-014 1.98175e-014 1.9873e-014 1</Rotation>
<Translation>0.0375 -0.0195 0.0197</Translation>
</Transform>
</Instance>
<Instance name="Recessed_Pan_Head_Screw_M2x8_48_Z-4" uid="Recessed_Pan_Head_Screw_M2x8_48_Z-4" entityUid="Recessed_Pan_Head_Screw_M2x8_48_Z*:*Default">
<Transform>
<Rotation>0 0 1 0 1 0 -1 0 0</Rotation>
<Translation>0.0525 0.014305 0.0207</Translation>
</Transform>
</Instance>
<Instance name="Hexagon_Socket_Set_Screw_M3x3-4" uid="Hexagon_Socket_Set_Screw_M3x3-4" entityUid="Hexagon_Socket_Set_Screw_M3x3*:*Default">
<Transform>
<Rotation>0 0.133937 0.99099 1 0 0 0 0.99099 -0.133937</Rotation>
<Translation>0.11819 0.006 0.0197</Translation>
</Transform>
</Instance>
<Instance name="Recessed_Pan_Head_Screw_M2x8_48_Z-7" uid="Recessed_Pan_Head_Screw_M2x8_48_Z-7" entityUid="Recessed_Pan_Head_Screw_M2x8_48_Z*:*Default">
<Transform>
<Rotation>0 -0.0663994 0.997793 0 0.997793 0.0663994 -1 0 0</Rotation>
<Translation>0.0225 -0.014305 0.0207</Translation>
</Transform>
</Instance>
<Instance name="Recessed_Pan_Head_Screw_M2x8_48_Z-5" uid="Recessed_Pan_Head_Screw_M2x8_48_Z-5" entityUid="Recessed_Pan_Head_Screw_M2x8_48_Z*:*Default">
<Transform>
<Rotation>0 0 1 0 1 0 -1 0 0</Rotation>
<Translation>0.0675 0.014305 0.0207</Translation>
</Transform>
</Instance>
<Instance name="Recessed_Pan_Head_Screw_M2x8_48_Z-8" uid="Recessed_Pan_Head_Screw_M2x8_48_Z-8" entityUid="Recessed_Pan_Head_Screw_M2x8_48_Z*:*Default">
<Transform>
<Rotation>0 -0.987853 -0.155394 0 -0.155394 0.987853 -1 0 0</Rotation>
<Translation>0.0375 -0.014305 0.0207</Translation>
</Transform>
</Instance>
<Instance name="Hexagon_Socket_Button_Head_Screw_M3x6-4" uid="Hexagon_Socket_Button_Head_Screw_M3x6-4" entityUid="Hexagon_Socket_Button_Head_Screw_M3x6*:*Default">
<Transform>
<Rotation>0 -0.646089 -0.763262 0 0.763262 -0.646089 1 0 0</Rotation>
<Translation>0.0266446 -0.039497 -0.000240682</Translation>
</Transform>
</Instance>
<Instance name="Hexagon_Socket_Button_Head_Screw_M3x6-5" uid="Hexagon_Socket_Button_Head_Screw_M3x6-5" entityUid="Hexagon_Socket_Button_Head_Screw_M3x6*:*Default">
<Transform>
<Rotation>0 -0.210249 -0.977648 0 0.977648 -0.210249 1 0 0</Rotation>
<Translation>0.048133 0.039497 0</Translation>
</Transform>
</Instance>
<Instance name="Hexagon_Socket_Button_Head_Screw_M3x6-6" uid="Hexagon_Socket_Button_Head_Screw_M3x6-6" entityUid="Hexagon_Socket_Button_Head_Screw_M3x6*:*Default">
<Transform>
<Rotation>0 -0.274469 -0.961596 0 0.961596 -0.274469 1 0 0</Rotation>
<Translation>0.048133 0.0145034 0</Translation>
</Transform>
</Instance>
<Instance name="HR_1_Motor-1" uid="HR_1_Motor-1" entityUid="HR_1_Motor*:*Default">
<Transform>
<Rotation>-1 5.27356e-016 0 -5.27356e-016 -1 0 0 0 1</Rotation>
<Translation>0.050133 0.045497 0.0037084</Translation>
</Transform>
</Instance>
<Instance name="RGH25-1" uid="RGH25-1" entityUid="RGH25*:*Default">
<Transform>
<Rotation>-9.99201e-016 0 -1 1 0 -9.99201e-016 0 -1 0</Rotation>
<Translation>0.06495 1e-005 -0.0026</Translation>
</Transform>
</Instance>
<Instance name="Hexagon_Socket_Button_Head_Screw_M3x6-3" uid="Hexagon_Socket_Button_Head_Screw_M3x6-3" entityUid="Hexagon_Socket_Button_Head_Screw_M3x6*:*Default">
<Transform>
<Rotation>0 -0.755454 -0.655202 0 0.655202 -0.755454 1 0 0</Rotation>
<Translation>0.0266446 -0.0145034 0</Translation>
</Transform>
</Instance>
<Instance name="Hexagon_Socket_Button_Head_Screw_M3x6-2" uid="Hexagon_Socket_Button_Head_Screw_M3x6-2" entityUid="Hexagon_Socket_Button_Head_Screw_M3x6*:*Default">
<Transform>
<Rotation>0 -0.474805 0.880091 0 -0.880091 -0.474805 1 0 0</Rotation>
<Translation>0.0266446 0.0145034 0</Translation>
</Transform>
</Instance>
<Instance name="Carrier_Block-1" uid="Carrier_Block-1" grounded="true" entityUid="Carrier_Block*:*Default">
<Transform>
<Rotation>1 0 0 0 1 0 0 0 1</Rotation>
<Translation>0 0 0</Translation>
</Transform>
</Instance>
<Instance name="Hexagon_Socket_Button_Head_Screw_M3x6-1" uid="Hexagon_Socket_Button_Head_Screw_M3x6-1" entityUid="Hexagon_Socket_Button_Head_Screw_M3x6*:*Default">
<Transform>
<Rotation>0 1.30451e-015 -1 0 1 1.30451e-015 1 0 0</Rotation>
<Translation>0.0266446 0.039497 0</Translation>
</Transform>
</Instance>
<Instance name="SV2075-2" uid="SV2075-2" entityUid="SV2075*:*Default">
<Transform>
<Rotation>0 0 -1 1 0 0 0 -1 0</Rotation>
<Translation>0.075 -0.010805 0.0197</Translation>
</Transform>
</Instance>
<Instance name="Hexagon_Socket_Button_Head_Screw_M3x6-8" uid="Hexagon_Socket_Button_Head_Screw_M3x6-8" entityUid="Hexagon_Socket_Button_Head_Screw_M3x6*:*Default">
<Transform>
<Rotation>0 -0.365648 -0.930753 0 0.930753 -0.365648 1 0 0</Rotation>
<Translation>0.048133 -0.039497 0</Translation>
</Transform>
</Instance>
<Instance name="SV2075-1" uid="SV2075-1" entityUid="SV2075*:*Default">
<Transform>
<Rotation>0 0 1 -1 0 0 0 -1 0</Rotation>
<Translation>0 0.010805 0.0197</Translation>
</Transform>
</Instance>
<Instance name="ShaftStop-1" uid="ShaftStop-1" entityUid="ShaftStop*:*Default">
<Transform>
<Rotation>0 0 1 -1 0 0 0 -1 0</Rotation>
<Translation>0.09999 0.000278293 0.0235961</Translation>
</Transform>
</Instance>
<Instance name="Hexagon_Socket_Head_Cap_Screw_M3x5-1" uid="Hexagon_Socket_Head_Cap_Screw_M3x5-1" entityUid="Hexagon_Socket_Head_Cap_Screw_M3x5*:*Default">
<Transform>
<Rotation>0 0.292448 -0.956281 0 0.956281 0.292448 1 0 0</Rotation>
<Translation>0.0402 0.01526 -0.0015</Translation>
</Transform>
</Instance>
<Instance name="RenishawMount-1" uid="RenishawMount-1" entityUid="RenishawMount*:*Default">
<Transform>
<Rotation>0 0 -1 1 0 0 0 -1 0</Rotation>
<Translation>0.06195 0.016967 0.0105481</Translation>
</Transform>
</Instance>
<Instance name="Hexagon_Socket_Button_Head_Screw_M3x6-7" uid="Hexagon_Socket_Button_Head_Screw_M3x6-7" entityUid="Hexagon_Socket_Button_Head_Screw_M3x6*:*Default">
<Transform>
<Rotation>0 -0.118182 -0.992992 0 0.992992 -0.118182 1 0 0</Rotation>
<Translation>0.048133 -0.0145034 0</Translation>
</Transform>
</Instance>
<Instance name="HR_1_Motor-2" uid="HR_1_Motor-2" entityUid="HR_1_Motor*:*Default">
<Transform>
<Rotation>-1 5.27356e-016 0 5.27356e-016 1 0 0 0 -1</Rotation>
<Translation>0.050133 -0.045497 0.0117084</Translation>
</Transform>
</Instance>
<Instance name="Hexagon_Socket_Head_Cap_Screw_M3x5-2" uid="Hexagon_Socket_Head_Cap_Screw_M3x5-2" entityUid="Hexagon_Socket_Head_Cap_Screw_M3x5*:*Default">
<Transform>
<Rotation>0 0.272916 -0.962038 0 0.962038 0.272916 1 0 0</Rotation>
<Translation>0.0402 0.02326 -0.0015</Translation>
</Transform>
</Instance>
</Instance>
<Instance name="Spider-1" uid="Spider-1" entityUid="Spider*:*Default">
<Transform>
<Rotation>5.27356e-016 -0.0135793 0.999908 -1.11022e-015 0.999908 0.0135793 -1 -9.4369e-016 6.66134e-016</Rotation>
<Translation>-0.0326986 0 0.0197</Translation>
</Transform>
</Instance>
<Instance name="Spider-2" uid="Spider-2" entityUid="Spider*:*Default">
<Transform>
<Rotation>1.16573e-015 0.0453129 -0.998973 3.05311e-015 0.998973 0.0453129 1 -3.21965e-015 8.88178e-016</Rotation>
<Translation>0.14544 -6.245e-016 0.0197</Translation>
</Transform>
<VisualProperties>
<Ambient r="0.435294" g="0.717647" b="1" a="1"/>
<Diffuse r="0.435294" g="0.717647" b="1" a="1"/>
<Specular r="0.435294" g="0.717647" b="1" a="1"/>
<Emissive r="0" g="0" b="0" a="1"/>
<Shininess>0.3125</Shininess>
</VisualProperties>
</Instance>
</Instance>
<Instance name="ActuatorAssm5-2" uid="ActuatorAssm5-2" entityUid="ActuatorAssm5">
<Transform>
<Rotation>0.178208 0.5891 0.788164 -0.936413 -0.14453 0.319754 0.302281 -0.795029 0.525885</Rotation>
<Translation>-0.0590091 0.155119 0.0437682</Translation>
</Transform>
<Instance name="Spider-1" uid="Spider-1" entityUid="Spider*:*Default">
<Transform>
<Rotation>-7.21645e-016 0.0135793 0.999908 6.10623e-016 0.999908 -0.0135793 -1 6.00767e-016 -7.2987e-016</Rotation>
<Translation>-0.0326986 0 0.0197</Translation>
</Transform>
</Instance>
<Instance name="DrivenAssm-1" uid="DrivenAssm-1" entityUid="DrivenAssm" rigid="true">
<Transform>
<Rotation>0 0 -1 1 0 0 0 -1 0</Rotation>
<Translation>0.0470514 0 0.0267</Translation>
</Transform>
<VisualProperties>
<Ambient r="1" g="0.501961" b="0.501961" a="1"/>
<Diffuse r="1" g="0.501961" b="0.501961" a="1"/>
<Specular r="1" g="0.501961" b="0.501961" a="1"/>
<Emissive r="0" g="0" b="0" a="1"/>
<Shininess>0.3125</Shininess>
</VisualProperties>
<Instance name="CeramicStrip5010-2" uid="CeramicStrip5010-2" entityUid="CeramicStrip5010*:*Default">
<Transform>
<Rotation>0 -1 0 1 0 0 0 0 1</Rotation>
<Translation>0.00511132 0.0217403 0</Translation>
</Transform>
</Instance>
<Instance name="CenterBlock-1" uid="CenterBlock-1" grounded="true" entityUid="CenterBlock*:*Default">
<Transform>
<Rotation>1 0 0 0 1 0 0 0 1</Rotation>
<Translation>0 0 0</Translation>
</Transform>
</Instance>
<Instance name="AI_F100128-1" uid="AI_F100128-1" entityUid="AI_F100128*:*Default">
<Transform>
<Rotation>0.999887 -0.0150253 -2.85882e-015 0.0150253 0.999887 -2.498e-015 2.83107e-015 2.41474e-015 1</Rotation>
<Translation>0.00513433 -0.00252845 0.0437</Translation>
</Transform>
</Instance>
<Instance name="Yoke-1" uid="Yoke-1" entityUid="Yoke*:*Default">
<Transform>
<Rotation>0 1 2.88658e-015 1 0 0 0 2.85882e-015 -1</Rotation>
<Translation>0 0.007 0.08175</Translation>
</Transform>
</Instance>
<Instance name="CeramicStrip5010-1" uid="CeramicStrip5010-1" entityUid="CeramicStrip5010*:*Default">
<Transform>
<Rotation>0 -1 0 1 0 0 0 0 1</Rotation>
<Translation>0.0136113 0.0217403 0</Translation>
</Transform>
</Instance>
<Instance name="SV2075-1" uid="SV2075-1" entityUid="SV2075*:*Default">
<Transform>
<Rotation>1 0 0 0 -1 0 0 0 -1</Rotation>
<Translation>0.0108 0.007 0.0375</Translation>
</Transform>
</Instance>
<Instance name="Recessed_Pan_Head_Screw_M2x8_48_Z-8" uid="Recessed_Pan_Head_Screw_M2x8_48_Z-8" entityUid="Recessed_Pan_Head_Screw_M2x8_48_Z*:*Default">
<Transform>
<Rotation>0 0.983085 0.183151 -1 0 0 0 -0.183151 0.983085</Rotation>
<Translation>-0.0073 0.008 -0.015</Translation>
</Transform>
</Instance>
<Instance name="Recessed_Pan_Head_Screw_M2x8_48_Z-10" uid="Recessed_Pan_Head_Screw_M2x8_48_Z-10" entityUid="Recessed_Pan_Head_Screw_M2x8_48_Z*:*Default">
<Transform>
<Rotation>0 0.991061 0.133407 -1 0 0 0 -0.133407 0.991061</Rotation>
<Translation>0.0073 0.008 -0.015</Translation>
</Transform>
</Instance>
<Instance name="Recessed_Pan_Head_Screw_M2x8_48_Z-6" uid="Recessed_Pan_Head_Screw_M2x8_48_Z-6" entityUid="Recessed_Pan_Head_Screw_M2x8_48_Z*:*Default">
<Transform>
<Rotation>0 0.983085 0.183151 -1 0 0 0 -0.183151 0.983085</Rotation>
<Translation>-0.0073 0.008 0</Translation>
</Transform>
</Instance>
<Instance name="Recessed_Pan_Head_Screw_M2x8_48_Z-1" uid="Recessed_Pan_Head_Screw_M2x8_48_Z-1" entityUid="Recessed_Pan_Head_Screw_M2x8_48_Z*:*Default">
<Transform>
<Rotation>0 0.996386 0.0849431 -1 0 0 0 -0.0849431 0.996386</Rotation>
<Translation>-0.0073 0.008 0.03</Translation>
</Transform>
</Instance>
<Instance name="Recessed_Pan_Head_Screw_M2x8_48_Z-3" uid="Recessed_Pan_Head_Screw_M2x8_48_Z-3" entityUid="Recessed_Pan_Head_Screw_M2x8_48_Z*:*Default">
<Transform>
<Rotation>0 0.853269 -0.52147 -1 0 0 0 0.52147 0.853269</Rotation>
<Translation>0.0073 0.008 0.015</Translation>
</Transform>
</Instance>
<Instance name="SV2075-2" uid="SV2075-2" entityUid="SV2075*:*Default">
<Transform>
<Rotation>-1 0 0 0 -1 0 0 0 1</Rotation>
<Translation>-0.0108 0.007 -0.0375</Translation>
</Transform>
</Instance>
<Instance name="Recessed_Pan_Head_Screw_M2x8_48_Z-4" uid="Recessed_Pan_Head_Screw_M2x8_48_Z-4" entityUid="Recessed_Pan_Head_Screw_M2x8_48_Z*:*Default">
<Transform>
<Rotation>0 0.983085 0.183151 -1 0 0 0 -0.183151 0.983085</Rotation>
<Translation>0.0073 0.008 0</Translation>
</Transform>
</Instance>
